10
5112
126 195
4564 4712 1417 611 3756 1524 993 2602 1903 702 2009 844 3477 2291 6 3820 2173 193 4688 1884 4030 183 2373 1015 451 345 3954 22 239 1038 4065 1187 536 1517 3319 8 4570 1558 4538 3361 2593 989 4897 3135 3783 1452 4633 4530 5071 286 2684 3325 3038 4497 3058 4382 2340 402 160 3412 2683 972 2364 865 1750 822 308 1961 4085 5110 4362 615 767 1328 4403 3042 399 4350 2345 4112 824 4536 63 5065 3467 741 3262 1152 3572 4050 2781 4169 1398 1127 679 1622 3737 4032 1386 2961 1144 2672 446 5074 1036 2069 2558 1710 94 16 3983 3102 3169 1161 2588 3260 909 2411 2511 1009 2673 4269 3502 35 2330 194
4330 4753 649 2782 4417 1480 2965 4496 2968 3265 4090 102 4030 1398 3296 1552 1058 3556 68 4792 1000 237 3652 2532 714 1326 1521 377 289 1988 4282 412 2744 843 2851 2917 1062 2425 711 2504 137 3786 3306 4435 4282 807 3494 1113 2826 1121 3212 5059 5080 2651 4306 4093 1102 3230 2068 3092 5071 2589 4208 980 4095 3679 2471 3187 3660 379 491 3745 2845 2677 4655 2327 2044 4329 3362 5019 2945 409 2663 4280 3889 4336 444 94 1650 3870 1815 2944 357 2732 2545 2661 4691 2326 341 604 3449 307 2566 2448 631 4579 2214 2404 3108 1979 2050 1886 4980 2161 147 4662 5038 5040 2204 4871 3235 2377 1538 4902 3676 2659 3388 114 132 1995 2749 4830 3988 2759 1571 2638 2956 216 3650 4422 2122 3153 2098 4783 1821 5042 3076 3308 2585 2995 2735 4763 122 582 2481 1072 3882 2776 3884 3084 1191 2101 2272 1114 4342 2332 3010 2222 591 2622 1707 4823 1390 2894 2749 83 279 1867 3082 3747 4696 80 2641 2249 4372 3098 4708 3407 278 500 3869 180 1444 567 3232
43
88 98
4 39 18 8 23 43 11 26 29 20 25 21 7 17 41 2 30 10 39 1 16 11 24 40 17 1 33 13 29 7 41 23 37 38 12 31 15 33 21 23 9 12 41 20 4 26 41 16 5 11 19 18 5 8 36 37 16 21 34 23 11 41 41 22 23 2 27 13 5 11 30 41 32 16 36 5 13 4 36 35 4 17 9 18 32 23 19 30
2 19 15 37 42 42 13 11 15 20 41 3 42 28 11 37 25 22 30 32 16 32 24 13 28 43 19 37 33 23 33 1 27 41 12 30 39 36 42 33 4 26 33 37 6 34 36 19 7 15 37 11 37 30 14 13 39 2 10 42 23 20 21 35 30 41 19 1 17 25 42 32 23 40 29 34 42 30 7 37 7 1 30 18 30 23 8 41 27 42 34 37 27 43 10 28 5 42
1677
101 179
1385 63 969 651 183 1204 1543 49 932 564 329 1485 603 1371 871 1252 140 210 269 1289 830 648 720 1309 176 200 887 1152 27 1130 13 885 1614 844 555 1636 201 25 964 1351 414 1519 116 1047 994 1624 428 300 1195 1499 22 1397 13 721 1444 738 1021 1338 475 1661 317 391 23 1480 551 1122 1549 1436 817 912 1051 115 924 596 875 988 532 1351 315 230 1450 588 1635 205 1108 294 872 893 1077 1495 616 541 1227 980 1034 24 1497 314 496 1550 76
669 1160 284 448 1585 474 1094 1524 456 206 1348 1023 246 212 1406 434 1495 372 258 250 656 359 1000 296 511 565 1621 1239 852 1169 219 855 443 155 781 1106 1352 1434 1201 1498 1455 1047 622 1289 946 1195 982 769 1306 1267 2 1619 238 1301 1097 310 161 1665 1614 1020 530 1533 672 964 1664 493 581 92 1108 301 760 61 848 438 472 1287 1415 1388 1027 994 1261 853 1611 1262 1168 277 617 820 735 471 945 1364 1498 181 968 1600 375 1335 1303 454 614 890 1338 1006 508 1618 772 1478 829 1488 573 450 638 621 1437 1354 1600 1088 1474 1387 1553 1439 1034 637 1033 1073 241 667 1147 549 912 80 85 574 381 371 1193 605 755 1228 1183 817 1668 925 1576 496 727 877 422 1292 1 965 1539 1593 579 852 1533 701 1651 1112 1377 105 332 280 576 494 365 64 241 1067 161 995 334 246 204 737 1449 110 739
3203
105 312
470 2926 1048 3103 417 323 3195 2303 984 941 1206 2521 2919 2060 927 2651 667 2068 249 1266 1216 1972 2161 1305 1206 2469 2653 2902 2064 2720 3131 2127 1463 640 2933 911 2691 1201 526 375 131 1360 1054 2570 695 1319 755 1533 480 116 2746 2547 778 2599 774 1701 766 2946 1897 1151 873 293 239 1468 1014 2282 1058 2279 2330 17 3164 2669 1542 3078 1135 3059 919 2794 611 3090 1715 1121 2422 1949 3177 584 1350 2068 3070 1233 145 2948 2507 2578 2705 3042 1122 2790 1557 1616 262 1680 2406 464 155
77 1005 903 1464 919 783 1175 2336 2011 2639 2956 1075 1494 1494 430 933 2193 2412 1098 3075 216 163 2168 374 1297 1938 1333 1238 2198 2829 36 1919 1959 1794 3100 2782 447 605 2152 450 2174 613 497 3142 2952 1967 2832 1296 1127 683 1272 2471 1308 592 3142 3118 2041 530 167 2185 2653 3141 138 2385 2604 1038 2319 2903 1597 852 487 1589 261 648 902 2807 2869 2229 625 2533 2309 37 111 1516 1557 769 611 1367 1856 3186 742 3121 438 3171 1000 2236 476 1315 539 1915 2852 3132 2903 276 197 2887 2210 660 2894 336 249 3016 3108 837 3079 2617 3030 1825 829 1835 427 953 1047 1614 110 570 1151 294 2851 1869 2331 1554 1690 1914 2885 2380 338 3038 1319 1874 1763 3154 1676 1521 2937 929 13 2805 92 1587 2409 1854 487 1908 1488 1899 2086 1289 166 2831 1736 1916 1013 1026 1208 1899 1327 1195 1156 699 2279 3195 507 2158 73 477 2480 2730 1881 2385 557 1550 202 1265 2663 478 1068 2986 426 986 295 2253 2873 1692 139 3050 2142 651 313 1039 2806 2022 1649 2597 2512 2417 1348 1532 1835 1012 2623 2559 2612 985 2275 186 1714 2952 1566 731 831 1544 769 170 404 27 323 2019 2020 226 1538 1830 2417 842 2782 1738 3104 809 1956 246 2333 2739 1151 2617 1567 939 2845 1888 2620 3156 1337 2394 2288 2786 209 1262 1254 1480 2194 2485 2095 2533 2716 1610 2678 793 143 1770 1406 537 286 906 996 1320 1601 1295 394 1355 1806 2668 386 1638 2602 2067 2092 2348 2745 2835 634 1521 485 1625 1819 2675 1355 3004 24 2744 3143 774 797 1075 483 2084 2871 432 1399 969 1185 2117 868 3102
8981
427 329
1280 8789 1820 7630 927 3510 1433 3185 8660 148 5227 6420 4274 8883 5049 3566 2393 3969 2895 5246 7047 3241 1453 6728 4655 2661 4981 4626 4824 1830 1642 5470 6430 1611 2520 8614 7227 63 7885 7641 803 8811 1675 5693 2823 3772 8629 2813 7254 2368 41 4729 5172 2406 7822 7021 7336 4074 2976 7247 7511 5788 7342 6830 7488 8738 8972 2663 6364 5417 5321 2331 5065 4235 4443 7218 1566 4742 3905 884 3014 2168 6354 2456 1790 5895 299 4024 2770 4480 1279 3154 6069 638 131 3997 1469 3827 7187 3066 3781 5966 5431 1838 6029 6691 8645 937 6944 605 5455 2595 169 2092 4234 5344 8415 4887 5040 1593 8440 4949 8874 1884 4138 2168 5244 4427 4105 447 5749 6721 6536 839 6085 6029 5718 4517 5409 4080 6232 8343 6061 2166 8007 7665 2985 3977 5385 3769 4563 5564 7768 5595 3608 7813 6073 3547 6681 3862 1448 4218 5814 6498 3837 7715 5041 8311 4989 7187 8607 3899 8459 960 4343 97 7869 6709 2859 5454 8164 1267 8023 336 4866 186 7935 941 6213 7253 8938 2172 6817 1547 2632 2014 2530 8545 7310 293 2625 3656 7970 7180 4143 664 6086 6808 1253 3512 8925 8345 689 1227 4680 182 5176 5478 1632 3652 8762 4100 2099 6717 7230 6435 6064 6913 7309 2329 6548 8306 8381 2566 2829 4508 2278 844 5175 4202 3081 1127 8670 2702 7309 593 1484 5590 5849 2451 5820 6034 6914 3659 512 7507 1558 1254 8932 6689 3582 8155 8480 7905 5945 620 8946 7104 7379 172 6885 4333 304 6411 571 7636 4411 8379 8389 6638 4952 474 1064 4859 5490 515 1393 4722 2054 4304 2951 1025 894 7467 621 3908 1628 765 5738 6690 628 3361 7193 5678 4548 1488 5730 503 3088 1858 3097 2160 1847 2294 1738 3109 7091 3622 2416 5430 8209 4224 5050 3076 6202 5860 3440 1818 5791 5644 6009 3646 2641 1699 6010 1591 2262 4368 312 4003 3766 890 1635 196 1207 791 8160 7581 5730 6494 5798 6987 7331 309 7462 5385 7293 4117 8458 7669 7030 3913 3693 6425 4831 8432 8501 148 5266 147 847 2724 3311 7394 1664 7319 2590 4854 1869 5411 6682 4840 5070 8279 8827 8003 5297 2333 3219 625 3280 7127 4891 1624 5955 8835 6179 4191 4347 1757 1272 8013 2316 5584 5647 3075 3676 8919 7626 144 2796 2439 2249 3047 988 2190 7824 4396 6580 5810 3136 6169 5910 4641 5848 2702 6814
1688 1439 1810 1141 7381 508 113 4139 7650 2525 8468 2632 5753 4327 5359 3688 3075 6811 842 4879 1845 637 3766 1011 1783 6593 7518 7602 4085 2103 6656 8717 2946 5242 1989 7480 5816 7984 4397 1931 2136 7889 2319 8647 8338 1764 827 1483 6758 2481 2835 6812 5006 6804 4970 1051 6655 799 8339 789 1971 1493 55 5548 4850 8732 8667 511 2338 6861 6853 4073 2414 7892 2743 2937 7299 4100 1655 20 5766 6036 844 1605 8249 8826 3712 5123 273 938 825 5017 8627 3608 8942 644 7835 5752 3797 8588 2078 316 8127 8878 4609 7744 4398 6095 4062 2033 2734 2555 8126 8320 4005 4917 649 7432 6280 5006 5020 3545 239 1400 6037 1837 4427 7788 7932 2100 4084 1547 304 2048 6923 5450 6891 947 5977 505 4428 6598 1062 7221 7186 7251 5873 308 8585 4025 8976 403 8453 7773 3568 7515 78 6727 2842 2773 3318 5592 7144 1963 6931 1187 2252 6079 1397 7536 7008 8683 1455 5776 578 7403 2483 2000 3195 7767 4945 4120 8184 3908 2105 3681 2075 1513 7461 8389 5373 164 7087 3205 6169 7818 8436 8080 290 6000 5000 8775 7892 1050 5999 293 7930 2678 7195 5146 5032 7059 3532 4056 6809 8180 6390 3237 8840 3250 8093 740 7599 1990 2164 6844 1597 7231 8589 1742 7949 3385 1710 6177 2768 5151 5209 7135 6890 1812 4733 8379 3299 2315 3357 7295 5614 3031 5378 6970 1429 5199 8222 6021 6889 4261 1177 5903 7867 8136 7678 699 3071 5453 6179 1648 5349 6337 1289 1658 2971 8236 5328 7028 7499 8696 6422 5284 7614 3850 1231 7548 1854 1619 314 2751 4144 4671 8269 7489 3975 8288 8249 7736 3116 4034 5309 6827 5118 1710 1947 8258 1742 3720 4000 2174 8852 1195 7504 7175 6821 4875 7270 4017 6906 130 7826 1452 5140 3428 6486 679 7049 2782 6665 3664 8969 6574 3913
3859
190 478
72 2537 818 840 2495 3058 2837 3060 1238 1268 2642 471 287 3473 438 1819 357 1283 2230 1658 726 727 1807 545 520 3413 2594 145 940 979 2691 1736 1628 3105 2024 587 909 2128 1420 306 1647 3008 236 1520 1509 2559 909 3251 1138 2036 2468 399 3119 3657 2960 3204 731 274 320 2942 464 2692 2121 259 2436 907 2702 1042 1450 3710 911 2088 3722 1925 11 1577 491 288 2896 1821 2504 3203 2867 2764 2370 2293 2476 1830 146 2679 3716 636 1808 2338 3701 2814 887 3837 2944 603 3716 3727 1801 1287 1125 381 536 1195 3647 1383 2714 444 1237 2359 438 1120 3685 3217 1748 144 2290 873 896 2631 3854 276 280 1385 2083 1057 690 514 1204 2293 1964 2637 1402 1580 1639 1990 1757 1282 2043 2622 3824 3273 3258 3309 1900 2582 2988 1530 2089 2801 2172 2844 2831 3030 1293 850 101 3010 2971 2591 693 2200 3100 2804 395 1661 3577 2106 1579 3617 2246 1008 2689 2134 2666 581 878 831 3345 3361 1928 3020 2284 2262 121 2980
3666 2232 288 789 1890 2606 2171 3312 1929 1625 174 454 2914 240 2864 883 3810 2331 555 1165 155 698 365 712 3832 3129 3525 3470 663 1533 3775 838 2683 1274 1854 1346 1818 791 1728 3499 2697 3237 205 1042 408 424 1776 3105 497 1045 3070 3813 1707 2816 2826 2969 1868 3435 816 2620 2941 2560 2649 397 1709 3195 1631 1641 2245 1518 2924 3020 604 916 2327 777 493 3183 305 3409 1354 421 2973 3478 2322 3822 2990 3726 2308 2745 3338 2243 3834 2967 559 137 589 3667 3192 1072 2652 136 860 2839 1980 50 3209 792 489 2049 2476 2545 3131 1266 1267 2520 3446 3030 1934 1746 206 1765 3193 3360 2040 682 3045 1497 358 2191 189 686 3850 3092 758 1219 3420 135 1499 2273 614 2199 3237 259 270 794 2972 2569 1700 1898 550 1418 1734 1446 866 888 803 1360 800 1299 865 1712 434 2158 1861 1791 2554 39 509 49 2960 3312 1532 3521 1133 1867 2387 2935 3090 1246 1569 477 3656 2320 1641 2630 2811 2404 2226 3729 417 2060 3195 201 1408 2761 1765 1079 2257 2339 2099 2934 2060 1652 2797 1098 3746 2072 314 2859 2360 1727 2130 3413 3589 389 1916 1974 518 3091 2839 151 1672 639 3492 900 117 1332 2113 2232 103 1308 678 752 3007 2495 2276 2005 3382 543 2744 740 2091 3227 1369 2549 3790 3642 472 1020 845 3650 562 3026 3360 1949 1262 1422 2019 1897 981 2415 3819 1941 2757 1053 1050 1378 407 1094 1972 3770 2452 3835 347 2100 1920 2304 3129 944 970 335 861 1093 1387 312 747 1512 1252 1059 1233 855 3845 1485 3421 329 780 150 471 317 1499 2412 3236 3237 2908 935 1199 587 2679 1260 29 2817 2152 1076 928 646 1555 2726 555 2445 307 3398 127 3207 3720 1118 3784 967 414 19 1320 1771 1834 2813 3304 2417 959 1483 2045 453 2972 161 2692 3851 1030 2276 2562 2770 557 2776 2634 1914 3454 1885 11 1961 2285 29 3376 1790 1010 233 173 2661 3800 2118 984 3198 1631 2370 3547 72 682 103 3333 146 706 136 2178 1445 2415 1015 410 1498 1244 3266 2176 3809 2802 1344 133 931 1967 255 3302 2740 3847 31 51 2771 1292 3223 1140 2047 3089 2562 1233 3352 2412 3724 1255 2150 1710 1931 3235 3855 3682 2535 1417 535 3802 1035 397 287 2238 2616 1965 427 660 594 159 675 85 3266 153 3051 3734 2223 2268 2541 2034 2684 1397 2938 90 1843 3080 36 879 3307 2917 1312 2474 3376 2829 258 2827 853 3669 473 598 806 2692 1819 3566 580 2065 2303 1779 185 121 1460 268 2735 2361 1118 3497 1318
513
53 441
257 453 162 205 360 274 76 59 500 30 384 321 239 259 164 512 457 430 448 484 104 282 93 424 194 139 479 136 228 83 201 88 436 125 336 168 197 38 115 317 199 249 251 508 147 387 310 106 151 150 8 259 92
83 349 489 361 251 11 221 309 454 344 417 343 296 399 115 436 510 316 420 316 132 285 369 31 98 278 321 342 374 498 78 75 455 509 354 290 361 320 460 28 407 8 259 418 347 166 364 501 196 183 155 348 102 457 473 311 493 458 263 487 203 392 449 470 266 342 401 301 46 338 75 190 370 393 422 125 26 464 198 445 428 333 147 191 343 244 487 512 36 43 310 417 57 486 338 15 72 303 152 6 279 63 455 372 108 479 492 223 35 349 285 29 261 332 59 384 246 259 127 23 369 402 265 4 28 172 133 397 56 408 53 237 313 192 167 365 391 289 83 378 265 265 477 201 271 281 157 239 427 468 282 327 177 129 150 390 311 452 344 450 346 96 168 141 296 49 230 69 165 208 506 471 176 262 272 105 438 65 246 261 16 408 483 101 126 240 60 184 43 290 54 453 458 147 33 170 98 337 418 223 52 88 74 220 475 325 151 429 371 46 466 247 207 84 434 452 126 67 15 57 502 46 27 389 154 53 13 30 229 102 8 101 161 24 209 441 334 263 139 315 89 145 327 510 338 321 247 375 226 95 44 31 323 361 235 6 62 199 67 423 312 122 200 269 39 365 86 183 388 507 118 376 441 214 481 357 233 30 51 346 320 152 317 134 58 490 292 313 303 204 379 135 197 230 4 481 458 59 472 487 236 64 500 233 490 181 104 109 393 391 287 33 148 235 103 160 318 67 211 63 73 286 394 184 128 497 180 211 211 1 413 174 72 78 111 257 165 85 158 390 386 184 434 425 431 347 500 476 128 357 163 392 361 409 414 463 183 316 105 507 2 407 412 393 491 113 475 71 124 359 508 233 422 334 190 403 366 482 267 295 510 218 83 367 351 21 327 176 178 162 74 362 494 164 389 493 285 41 447 318 386 430 352 282 362 444 483 28 219 12 97 215 50 323 510 297 324 45 42 471 299 299 406 476 286 146 253 259 458 211 118 326 35 462 423 81 380 315 6 421 52
5832
459 164
738 4236 3557 1941 1899 1053 1924 2732 5818 5569 216 990 270 4420 5792 2458 2173 2552 938 94 4622 3231 2040 1142 4701 4886 4887 104 449 1533 4763 5831 3877 2727 4669 4841 3932 928 1037 4151 468 4438 3712 658 5034 3812 641 5727 3613 3433 2604 3863 2464 5252 3099 3340 2196 2415 3072 2845 1998 1821 2284 4285 807 218 2946 3375 5584 952 4358 1246 1516 2620 5458 184 5352 1382 1940 890 4246 4993 2324 2849 4762 900 3367 4457 5461 1329 2645 1518 3688 4024 2154 4480 2155 5259 5684 4817 867 3099 143 2662 4907 1359 2348 5676 5626 2915 3821 814 475 2183 4431 2837 5330 5268 5356 5739 2683 4321 3746 4255 4139 2841 3390 3324 467 979 3862 94 1531 2956 24 1148 4850 5495 3774 3404 4385 3524 4664 2547 3341 1831 1043 1506 5426 5149 4983 2719 5735 5777 2134 2378 5185 1720 4355 2067 3801 4856 5210 4648 4886 3727 5116 3351 2159 3284 3820 5667 1495 1953 1355 4992 5490 1200 914 2309 1798 1884 3731 1150 1828 1143 191 1586 823 3478 1795 3130 1141 1708 5435 5361 4146 17 3493 5447 2547 3524 5180 2142 1330 5148 1225 3783 4423 2974 2721 3986 807 2046 270 1918 1125 4060 2820 3744 3537 3530 2529 4514 1490 690 4527 5620 2350 1826 847 5474 3539 1300 5594 4106 2537 1590 5653 2512 5750 2241 2996 3681 758 3641 2324 4927 1438 3518 4237 86 3029 5582 1910 4849 996 666 652 641 622 1438 1433 2597 2128 3080 447 5339 2284 1996 5213 5368 4240 308 3826 1297 535 4681 3757 3681 4198 5433 4182 4664 3422 761 2445 3790 5223 745 3111 1871 938 5013 1891 4312 808 399 1553 3510 3195 2818 2643 5274 4138 4701 1679 2721 1756 614 4315 2147 2742 2804 2275 1022 3089 2601 5008 1368 635 2490 117 1539 4718 3343 4430 5059 4250 5347 489 136 3128 247 487 1381 2790 4740 527 4553 4915 5556 2035 4609 2263 964 4961 3967 2738 870 1224 4040 1224 185 2875 706 2701 1104 557 796 272 2452 4304 2241 126 4179 4851 2496 2318 895 4064 4182 2074 455 2286 912 455 1340 5109 3755 4214 464 2322 3380 4124 2282 4745 2943 3204 5613 4512 1686 4184 5564 4282 2464 1253 5626 4484 3916 1945 2466 1650 1844 2638 2874 1966 769 3732 1964 251 1361 1828 2634 2414 5640 131 925 3950 3676 5267 1909 5124 2537 2215 2379 5831 2342 2006 5655 5491 662 2689 1194 1811 1748 4646 478 742 1250 316 3976 5044 1241 5363 3151 5691 1550 3150 4474 2333 328 1676 808 4481 37 3175 4945 5462
260 2876 5456 4596 3910 2305 5422 4505 634 824 667 995 5485 183 2701 3361 1292 2697 3884 3007 4896 2520 4281 5025 3365 3322 5164 4818 1881 2545 1774 4406 5534 849 483 4206 693 5212 1134 4768 5773 4479 5057 726 2484 3480 2681 146 4808 3280 3189 3172 5123 1939 566 3573 4427 432 1232 589 2974 604 2624 3922 4882 2093 1293 4637 5532 4327 2669 1913 1564 4949 3066 418 3295 3556 2541 5717 641 5018 11 4434 5189 4435 5116 3595 284 2742 5611 261 3981 546 1794 5170 1855 1136 1676 392 2187 3877 446 481 612 1277 1609 175 4705 148 278 872 3724 1347 5780 3789 593 4023 4566 448 2810 3531 4353 2790 4549 2408 3764 1018 3155 3729 4396 2159 1880 2150 3531 2597 4572 5363 3822 3912 2827 4941 4722 136 2465 4739 2370 2634 599 3838 4577 3664 2403 1229 3414 4489 5356 3488 1764 4036 3345 591 2853 977
2718
340 414
734 1701 1484 2354 496 94 305 1610 1725 2163 1966 152 2630 18 527 196 2400 2323 341 2605 304 2129 2272 1433 505 1678 2619 264 1042 974 1746 2043 2026 2679 371 2246 1514 2154 1638 1614 816 1682 2585 2647 531 1474 911 1864 1033 80 1648 851 398 1956 1946 1324 2147 52 1849 1536 194 41 568 752 418 2642 845 2670 2365 1000 1401 247 686 1445 1790 1340 2263 2343 902 1750 767 756 1950 962 2044 896 1645 70 734 1766 99 1463 306 102 1421 775 1114 1833 2230 608 629 960 2217 33 1398 1401 165 1671 166 606 1779 2522 1868 99 770 2157 810 2324 1426 2240 997 775 1937 600 902 2656 2660 584 25 1015 227 430 114 295 1121 2525 1257 1918 2282 644 731 2692 2622 128 2706 295 2314 207 2050 1983 2684 1508 408 2708 2330 2573 1742 1618 1850 1461 1460 2299 1647 1870 380 1349 2409 1573 1697 963 900 1610 42 783 1510 1023 871 1809 613 608 343 2454 1253 760 1050 1437 23 124 684 1267 783 2358 69 822 1903 1151 1046 753 2467 1357 604 741 1228 1087 1084 1074 1467 2343 1199 1307 1702 2652 1006 1242 1119 1724 1047 888 820 1661 1327 2286 889 431 181 1260 1542 1939 1599 360 2695 119 2060 1975 4 2320 1226 166 2395 2695 2689 398 1644 2095 2284 850 1353 1545 2422 179 104 159 2652 806 30 1037 2570 798 907 2542 2250 2246 745 840 1330 1583 592 1750 1239 1517 498 882 1211 844 1691 929 643 1513 866 2049 2626 2716 2235 1421 256 2537 185 1254 1945 1686 2468 429 1977 2572 445 443 2372 804 765 701 258 2322 307 905 2399 1940 1666 1808 1833 1820 394 1058 2651 1577 2634 2253 12 2043 584 1512 1398 2056 2523 2271 1767 70 1624 1358 400 1249 1275 2557 748 165 1791 305 2409 1330 1740 1035
872 1096 2139 125 1292 1411 497 400 2656 910 431 330 221 1972 2021 920 2517 754 1856 2329 317 308 1409 585 545 556 311 2486 2504 2330 2562 1400 303 2268 640 303 2636 2398 979 357 2291 1225 1421 2208 818 946 2337 1494 863 872 506 1656 2192 2129 718 564 2405 1555 2299 737 1101 729 614 326 1066 1750 27 671 1332 1718 1003 119 2493 1500 38 1811 1606 1919 2485 2318 937 1535 1624 1633 1825 907 1927 892 1550 77 617 1081 100 243 1975 1563 611 1095 1143 1787 920 1666 163 1863 2587 387 1881 693 2091 1626 1676 487 1788 2700 2518 2284 1824 1700 1219 160 2542 1853 1839 1255 1102 2640 20 2251 2243 1194 1200 511 777 698 1398 1989 1372 2479 1764 1439 1745 1234 1519 2642 1120 131 2011 119 443 2410 2457 1629 2594 984 1964 1785 2546 1626 762 2665 367 2348 1169 898 427 1165 2428 1091 1302 530 912 2063 2654 2499 1133 1308 335 1916 136 972 630 2620 1809 2552 1456 2290 636 2512 1453 2332 2162 2465 1718 1818 1072 2115 65 622 2216 2673 421 921 1536 2632 1498 394 1693 96 2569 656 1451 630 1490 2508 2036 466 539 1336 2160 855 530 2635 2356 1688 1086 1166 346 837 1428 1736 1243 2431 2418 182 552 2427 1084 1896 1054 1062 597 541 2661 797 882 1532 976 1928 2500 606 1577 1448 1180 1362 2144 504 1284 2566 1546 333 48 857 1386 833 2131 1738 931 1309 1957 2327 2101 1362 282 1099 259 2708 2693 1559 807 2272 190 1136 1055 823 160 2514 1251 1057 756 48 1144 1237 350 722 1014 2458 1873 1828 1385 1862 602 2386 2689 174 1224 215 1167 82 1103 2155 530 2443 1759 1993 143 1631 2520 564 674 2336 487 2593 553 1910 1184 864 1013 2278 85 519 835 865 175 1663 1671 523 1165 882 2318 2664 1347 1170 2672 1320 2236 1419 2196 1075 580 2102 2657 1310 1155 1767 1375 727 1833 780 1708 360 1921 1607 2715 585 1320 2384 2268 97 323 2338 466 1638 964 729 989 2036 2639 1951 2392 2483 1386 2656 1698 701 581 2243 2429 1127 289 944 1409 386 1892 1958 743 2459 1173 2088 1 2571 1869 2100 753 960 1637 1019 346 427 778 2057 807 2600 1107 1944
6226
366 484
4614 10 4111 6124 2616 5786 4804 2129 183 5645 3951 6192 2861 1977 1264 4468 5816 1406 4591 4358 1691 4083 5223 4346 4585 799 2175 314 3497 4576 6109 608 3386 5840 4299 4772 2117 5992 1666 5250 3148 70 3567 2915 3068 1011 5147 2736 584 1488 2944 3047 5512 185 4327 532 1014 5991 1539 1817 3611 4490 4859 1834 5762 3343 2807 3247 3905 2718 2352 6051 5966 5568 1211 1621 517 2308 1278 3575 1879 5666 5956 2009 1632 3063 1323 3201 1513 3768 3758 2352 4453 6076 1640 4884 1438 1733 3379 5952 4431 1901 5057 4093 5363 3119 3307 6170 5201 2707 15 4933 4713 4191 6165 4172 4760 2850 203 2700 2020 5833 1734 138 5187 1 1599 6117 3928 2553 183 5010 5155 1553 5370 6204 609 1864 2873 4739 5982 1379 4226 5033 3753 5051 3865 263 6137 3695 125 4815 1531 680 3933 4825 167 4920 5132 5363 1521 3416 2243 2649 2524 1232 6004 3161 5047 6187 3563 2897 6203 1690 2944 641 1607 2928 2612 136 2362 1336 6206 234 2429 1595 3480 4476 3847 546 6038 1915 2959 3737 3218 2567 5363 1578 2510 2522 5274 704 1442 6177 132 3454 4838 6067 3962 3292 3218 3466 2309 4996 3001 186 3437 2009 221 929 3978 1529 5541 4502 150 1648 6165 2466 4699 378 1505 30 418 90 1089 1658 6120 30 102 5201 2984 3640 514 555 3554 2573 5833 4189 737 3033 5356 3355 1358 1582 4770 3745 1390 3167 6028 4711 3516 2372 1368 3585 1788 3189 3048 2219 3908 1343 292 3407 1907 1246 4171 338 1016 4986 948 3803 2042 1976 1730 1666 1248 4376 4898 5063 1547 3570 269 2954 229 1618 1685 613 2272 3155 4994 365 5751 3614 282 5620 2742 1950 1448 112 3637 4433 2730 2630 2220 2225 2670 1540 642 5929 2338 3638 4517 4212 673 338 1075 3564 3178 289 5787 3559 4292 4087 6219 583 4278 4654 1695 2337 5151 5524 2929 4787 1426 3340 840 3865 735 4231 5175 146 6197 2570 818 1356 2074 1540 2941 6170 4545 5404 4999 1159 551 79 141 4870
2638 1637 4173 4242 6072 4531 778 3040 710 5957 2786 3559 5724 3436 2830 5173 1341 5642 3588 1723 3269 4863 4735 2739 1714 1751 4018 5973 526 1770 4236 1348 3200 2197 1228 5325 58 933 301 1666 1792 4005 647 2344 4980 5608 447 1110 2575 6052 6045 1136 2717 4645 1602 4001 3128 1435 2529 4321 514 1032 2515 5166 1721 1439 360 3528 2208 3732 5116 408 5342 1922 6157 5491 4216 2392 3985 2332 1305 2909 3398 700 1952 3101 4857 4782 596 3454 2197 4850 4631 2206 1153 761 1490 1708 624 3542 5249 3146 5128 5070 937 5637 2020 796 4714 2337 6011 737 3676 197 3016 3831 3860 1815 3215 4846 2808 1804 2932 4981 1535 266 2003 3136 769 5397 4001 2509 1768 443 3310 4386 4008 4555 5990 2541 1082 4062 68 4485 3669 1461 1174 4435 5416 3549 3127 5902 4719 2004 735 3445 214 148 3535 672 3634 5110 27 5544 4563 3502 5195 3233 3114 4857 6049 5531 2052 674 3765 4973 1736 4674 1312 75 5318 3795 3946 3447 2270 4325 4017 5990 5935 6091 4172 3861 1020 5319 5133 2198 4036 751 6148 167 2492 4168 1321 559 3726 3823 3851 4045 4466 1988 1709 1767 5062 3461 1580 6066 1164 2806 3275 238 5712 5431 3525 3250 686 2189 4511 2960 1768 1568 937 986 4752 1146 3809 1151 2475 3388 5947 4674 475 6198 1525 3947 4382 2405 5026 3786 3739 5294 1034 1230 3703 5911 681 3287 643 4298 6100 1538 5538 891 2278 2899 1052 724 3242 3917 5879 430 3591 4003 3085 4827 5990 5741 3907 5804 5094 4507 3390 726 5448 2700 534 5933 3509 5068 465 522 508 4403 3514 4410 5363 5810 3920 4852 2896 3659 5390 1109 4134 3309 1703 3257 4371 5102 6147 1167 5607 1066 5431 1593 4374 4812 1670 5805 2365 1345 3441 4400 3452 5357 6149 5415 489 4902 5691 180 1821 5281 2908 1435 5344 2281 2819 2139 998 3504 1562 4634 5147 5524 1142 5668 5199 1922 36 551 4141 4342 2488 1551 219 990 3884 5004 3387 2515 2768 5696 5638 5968 5572 326 4384 3996 2476 2094 1994 5758 4808 5088 6009 5034 5480 4154 4215 481 216 4794 4866 5141 2265 3706 2794 1358 1217 4354 4624 4042 4979 4709 736 2093 5222 5405 6179 817 1284 1204 5673 4169 4784 4610 5761 3626 1768 1411 1737 5956 790 2906 2300 4200 831 497 3704 1866 3758 3027 2780 4349 3696 4179 780 99 4352 3917 6038 76 4202 3398 5424 5238 5348 697 358 3882 4172 5394 5816 6032 2617 4895 3253 2073 2410 2762 1262 4726 1702 4313 3286 4484 4651 1324 473 605 3830 5662 5501 4078 1600 1662 1754 3618 3709 3288 5079 134 140 6048 3921 4590 3437 2974 1732 5028 927 4933 3916 1590
